36 31 38 40 18 20 
33 41 11 44 37 39 
9 9 6 9 11 23 
5 7 12 39 22 3 
38 6 22 12 23 12 
5 29 11 18 32 31 
25 1 43 30 7 28 
39 20 19 19 3 11 
28 44 1 2 11 27 
16 20 31 18 23 3 
26 37 21 15 42 17 
10 11 28 17 20 14 
29 23 13 11 2 6 
33 38 8 27 13 25 
40 45 39 11 26 8 
24 12 29 10 34 26 
31 15 12 7 1 20 
45 17 4 21 36 9 
43 32 22 32 27 43 
25 30 1 37 3 21 
11 41 36 13 45 21 
27 23 40 17 44 15 
42 17 26 37 9 8 
25 35 34 15 42 14 
34 20 24 41 10 32 
17 40 9 19 10 24 
34 39 2 13 36 40 
18 44 36 41 31 44 
20 15 26 23 18 37 
43 22 25 35 34 15 
